5 3 2
5 15 16
5 13 5
5 5 5
5 1 5
5 1 5
5 1 5
5 12 5
5 7 5
5 1 5
11 4 5
11 1 1
1 1 1
21 1 2
5 3 20
5 17 5
5 5 5
5 5 5
5 5 5
5 1 5
5 8 5
5 11 5
5 14 5
11 2 1
5 1 14
15 1 5
15 16 5
5 5 5
5 2 2
5 14 14
5 13 5
5 2 5
5 1 5
5 2 5
18 3 4
5 1 1
5 1 1
5 1 1
5 2 3
5 1 1
5 4 4
5 2 2
4 2 1
3 1 17
11 1 1
12 2 15
5 1 1
5 4 6
5 1 1
5 7 19
11 1 1
1 1 2
1 1 1
1 1 1
1 1 1
2 1 1
17 3 2
5 1 1
5 3 8
5 17 11
5 5 5
5 1 5
5 1 5
5 5 5
5 1 2
5 2 3
16 5 3
16 4 19
5 15 5
5 5 5
5 5 5
5 5 5
5 5 5
5 1 5
5 4 5
5 8 5
5 2 5
5 2 5
5 1 5
5 1 5
2 2 5
15 3 5
5 6 5
5 1 5
5 13 16
12 5 5
13 5 5
16 5 5
5 5 5
1 5 5
1 1 1
5 15 14
1 5 5
1 5 5
1 5 5
13 5 5
5 5 5
11 5 5
5 5 5
5 5 5
1 5 5
1 5 5
1 5 5
1 5 5
1 5 5
5 5 5
5 11 5
3 11 5
1 5 5
3 5 5
11 5 5
5 5 5
5 5 5
5 5 5
1 5 5
11 5 5
5 5 5
1 5 5
2 5 5
1 5 5
1 5 5
1 5 5
6 5 5
3 5 5
6 5 5
3 5 5
1 5 5
1 5 5
11 5 5
3 5 5
2 11 5
3 12 5
2 5 5
1 5 5
1 5 5
1 5 5
3 5 5
4 5 5
4 5 5
2 5 5
1 5 5
1 5 5
18 5 5
1 5 5
1 5 5
3 5 5
1 5 5
3 5 5
6 5 5
1 5 5
1 5 11
1 5 5
2 5 5
2 5 5
1 5 5
4 5 5
14 5 5
3 12 5
1 5 5
12 5 5
5 5 5
1 5 5
3 5 5
4 5 17
1 18 13
2 5 5
1 5 5
1 5 5
18 5 5
13 5 5
1 5 5
1 5 5
1 5 5
6 5 5
2 5 5
15 5 5
1 5 5
17 8 15
1 1 1
12 16 17
5 5 5
5 5 5
14 5 5
5 5 5
5 5 5
5 5 5
5 5 5
5 16 11
5 3 5
5 1 11
5 1 5
5 1 2
5 3 1
11 1 11
5 5 13
5 2 5
5 2 5
5 19 5
5 5 5
5 5 5
5 5 5
5 5 5
5 1 5
5 4 5
5 4 5
5 2 5
5 3 3
5 1 1
5 1 1
5 1 1
5 6 5
5 4 6
5 2 3
5 3 14
5 4 14
5 2 1
11 1 1
13 1 1
16 5 5
5 1 1
5 2 2
5 5 4
11 1 1
5 7 9
5 14 13
11 5 5
5 5 5
12 5 5
5 5 5
5 1 12
5 1 5
5 1 5
5 1 5
5 11 5
5 5 5
5 5 5
5 5 5
5 1 1
5 2 2
5 1 1
5 1 1
5 1 1
5 4 3
5 6 6
5 1 18
5 5 5
16 14 5
11 1 5
5 1 5
5 1 5
5 1 1
5 5 6
5 1 12
5 14 1
5 8 18
5 11 12
11 11 11
5 5 5
5 5 5
5 5 5
5 5 5
5 1 5
5 1 5
5 2 5
5 3 5
5 1 5
5 1 1
12 1 1
5 4 5
5 4 6
12 18 16
5 5 5
5 11 5
5 5 5
5 11 5
5 5 5
5 3 5
5 2 5
5 2 5
12 5 5
5 1 5
11 2 5
11 2 15
5 4 5
5 1 1
5 2 2
5 4 5
5 17 6
5 3 1
5 1 1
5 4 17
5 4 14
13 18 17
11 5 5
5 5 5
5 5 5
5 5 5
5 11 11
5 5 1
5 6 4
5 16 14
15 13 14
5 5 5
5 5 5
5 5 1
5 5 12
14 5 5
5 5 5
5 5 5
5 5 5
5 5 5
5 5 5
5 5 1
5 5 2
5 5 1
5 19 17
11 11 12
5 2 1
5 1 1
5 1 2
5 1 1
5 7 5
5 3 4
5 6 3
17 5 16
5 1 5
5 1 11
5 1 5
5 12 5
5 5 5
5 11 5
16 3 1
12 1 2
5 2 2
5 1 1
5 4 4
5 1 11
4 5 4
3 3 4
5 2 17
14 2 5
5 1 1
5 1 1
5 1 1
5 1 1
5 1 1
5 5 5
5 4 3
12 20 8
5 5 12
1 5 5
1 5 5
14 5 5
5 5 1
5 5 3
5 5 2
5 5 1
5 8 17
11 4 3
11 16 1
5 5 1
5 5 5
5 5 3
16 5 15
1 5 5
11 5 5
5 5 5
5 5 5
14 5 13
5 14 3
2 6 2
1 2 3
17 16 6
5 5 18
5 5 14
5 5 15
5 5 1
5 5 1
5 5 1
5 5 5
5 11 3
5 5 15
5 5 5
5 5 5
5 5 5
5 5 13
5 5 6
5 5 2
5 1 1
5 1 1
5 7 8
5 2 14
5 17 14
5 5 5
5 5 5
5 5 1
5 5 13
5 5 5
5 11 11
5 5 5
5 5 5
5 5 5
5 5 5
5 5 1
5 5 1
5 5 1
5 5 1
5 5 5
5 11 2
5 5 1
5 5 4
5 5 2
5 5 1
5 5 4
5 5 11
5 5 5
5 5 5
5 5 5
