22.5 33.5 31
34.75 15.25 20.625
23.25 25.625 22
38.75 26.75 33.375
32.25 7.125 14.75
26.125 9.875 24.25
19.625 9.75 20.875
34.5 20.5 22
37.625 20.25 25
22.5 16 22.5
34.25 20 28
12.5 25.75 25.125
22.75 22.5 22.5
16 30.75 22.5
20.5 22.5 22.5
12.75 22.5 22.5
18.75 31.375 22.5
16.25 22.5 22.5
10 22.5 24
16.875 25.125 22.5
12.25 29 34
35.875 22.5 22.5
32.625 29 35.75
22.5 25.375 28.125
27.75 18.875 29.75
22.5 16.25 21.5
22.5 12.25 19.75
45.25 10.25 10.125
32.125 28.5 33.125
22.5 21 19.75
26 14.625 20.625
22.5 14.875 26.25
28.5 25.625 28.5
28.625 13.875 20.125
23.375 30.125 22.5
32.25 11.125 27
28.75 22.125 35.625
26.25 36.875 32
29.25 22.5 24.625
25.5 31.625 21
28.5 16.375 23.5
32.875 28.5 16.25
24.625 10.625 31.375
24.5 21.875 17.875
33.75 24.75 17.125
29.625 22.5 23.25
32.75 34.75 34.125
22.5 25.5 14.75
22.5 19.125 26.75
22.5 36 34.5
22.5 22.5 15.5
22.5 28.5 12.5
