5 3 6
5 7 7
5 6 5
5 5 5
5 2 5
5 2 5
5 2 5
5 6 5
5 7 5
5 2 5
5 4 5
5 2 5
1 1 5
12 1 5
5 3 5
5 9 5
5 5 5
5 5 5
5 5 5
5 3 5
5 7 5
5 5 5
5 6 5
5 2 5
5 1 5
7 2 5
6 7 5
5 5 5
5 3 5
5 6 5
5 6 5
5 2 5
5 1 5
5 2 5
10 3 5
5 1 5
5 1 5
5 1 5
5 2 5
5 1 5
5 4 5
5 2 5
4 2 5
4 1 5
5 1 5
6 2 5
5 1 5
5 4 4
5 2 3
5 7 6
5 2 5
2 1 5
1 1 5
1 1 5
1 1 5
2 1 5
8 3 5
5 1 5
5 3 5
5 8 5
5 5 5
5 2 5
5 1 5
5 5 5
5 2 5
5 2 5
7 5 5
8 4 6
5 7 5
5 5 5
5 5 5
5 5 5
5 5 5
5 1 5
5 4 5
5 8 5
5 3 5
5 3 5
5 1 5
5 1 5
3 2 5
7 3 5
5 6 5
5 2 5
5 6 5
6 5 6
6 5 5
8 5 6
5 5 5
2 5 2
1 1 1
5 7 8
2 5 5
2 5 5
2 5 5
6 5 5
5 5 5
5 5 5
5 5 5
5 5 5
2 5 5
2 5 5
1 5 5
1 5 5
1 5 5
5 5 5
5 5 5
4 5 5
2 5 5
4 5 5
5 5 5
5 5 5
5 5 5
5 5 5
3 5 5
5 5 5
5 5 5
1 5 5
2 5 6
1 5 6
1 5 5
1 5 7
6 5 3
3 5 5
6 5 5
4 5 5
3 5 1
3 5 9
5 5 5
3 5 5
3 5 4
4 6 5
3 5 5
1 5 5
1 5 5
1 5 5
3 5 5
4 5 5
4 5 5
2 5 5
1 5 5
1 5 5
9 5 5
2 5 5
1 5 5
3 5 5
1 5 5
3 5 5
6 5 5
3 5 5
3 5 5
3 5 5
2 5 5
2 5 5
1 5 5
4 5 5
6 5 5
3 6 5
2 5 5
6 5 5
5 5 5
3 5 5
3 5 5
5 5 5
1 9 5
2 5 5
1 5 5
1 5 5
9 5 5
6 5 5
1 5 5
1 5 5
1 5 5
6 5 5
2 5 5
7 5 5
2 5 5
9 8 5
2 1 5
6 8 5
5 5 5
5 5 5
6 5 5
5 5 5
5 5 5
5 5 5
5 5 5
5 7 5
5 4 5
5 3 5
5 2 5
5 2 5
5 4 5
5 2 5
5 5 5
5 2 5
5 3 5
5 10 5
5 5 5
5 5 5
5 5 5
5 5 5
5 3 5
5 4 5
5 4 5
5 3 5
5 3 5
5 1 5
5 1 5
5 1 5
5 6 5
5 4 5
5 2 5
5 4 5
5 4 5
5 2 5
5 1 5
6 1 5
7 5 5
5 1 5
5 2 5
5 5 5
5 1 5
5 7 5
5 6 5
5 5 5
5 5 5
6 5 5
5 5 5
5 3 5
5 3 5
5 3 5
5 3 5
5 5 5
5 5 5
5 5 5
5 5 5
5 3 5
5 2 5
5 1 5
5 1 5
5 1 5
5 4 5
5 6 5
5 1 5
5 5 5
7 6 5
5 3 4
5 2 5
5 2 5
5 1 5
5 5 5
5 2 5
5 6 5
5 7 5
5 11 5
5 5 5
5 5 5
5 5 5
5 5 5
5 5 5
5 1 5
5 1 5
5 2 5
5 3 5
5 1 5
5 1 5
6 1 5
5 4 5
5 4 5
6 9 5
5 5 5
5 5 5
5 5 5
5 5 5
5 5 5
5 4 5
5 3 5
5 3 5
6 5 5
5 2 5
5 3 5
5 2 5
5 5 5
5 2 5
5 3 5
5 4 5
5 8 5
5 3 5
5 1 5
5 4 5
5 4 5
6 9 5
5 5 5
5 5 5
5 5 5
5 5 5
5 5 5
5 5 5
5 6 5
5 7 5
7 6 5
5 5 5
5 5 5
5 5 5
5 5 5
6 5 6
5 5 5
5 5 5
5 5 5
5 5 5
5 5 5
5 5 5
5 5 5
5 5 5
5 10 5
5 5 5
5 3 5
5 1 5
5 1 5
5 1 5
5 6 5
5 3 5
5 6 5
8 5 7
5 3 6
5 3 5
5 3 5
5 6 5
5 5 5
5 5 5
7 3 8
6 2 6
5 2 8
5 2 5
5 4 5
5 2 5
4 5 5
4 3 5
5 2 5
6 2 5
5 1 5
5 1 5
5 1 5
5 1 5
5 1 5
5 5 5
5 4 5
6 11 6
5 5 5
3 5 5
3 5 5
6 5 5
5 5 5
5 5 5
5 5 5
5 5 5
5 8 5
5 4 5
5 7 5
5 5 5
5 5 5
5 5 5
7 5 5
3 5 5
5 5 5
5 5 5
5 5 5
6 5 5
5 6 5
3 5 5
2 2 5
8 8 5
5 5 5
5 5 5
5 5 5
5 5 5
5 5 5
5 5 5
5 5 5
5 5 5
5 5 5
5 5 5
5 5 5
5 5 5
5 5 5
5 5 5
5 5 5
5 3 5
5 1 5
5 7 5
5 2 5
5 8 5
5 5 5
5 5 5
5 5 5
5 5 5
5 5 5
5 5 5
5 5 5
5 5 5
5 5 5
5 5 5
5 5 5
5 5 5
5 5 5
5 5 5
5 5 5
5 5 5
5 5 5
5 5 5
5 5 5
5 5 5
5 5 5
5 5 5
5 5 5
5 5 5
5 5 5
